Accuracy: 0.7648
Precision: 0.790748820380108
Recall: 0.7647999999999999
F1-Score: 0.7433837708109559
